start
wait with 0us
1.82621		47.5828
1.82307		48.5246
1.82606		47.6273
1.81753		50.198
1.82445		48.1112
1.82655		47.4802
1.82151		48.9947
1.82696		47.3585
wait with 2500us
1.82827		46.9643
1.82876		46.8187
1.83321		45.4909
1.83259		45.6751
1.83233		45.7521
1.83318		45.5013
1.83508		44.9341
1.83512		44.9233
1.83173		45.9322
wait with 5000us
1.84317		42.543
1.83731		44.2739
1.84045		43.3443
1.83761		44.1847
1.83877		43.842
1.84202		42.8833
1.84015		43.4353
1.84014		43.4359
wait with 10000us
1.86338		36.6604
1.86059		37.4642
1.86078		37.4088
1.86243		36.9326
1.8584		38.0973
1.86132		37.2522
1.87049		34.6192
1.86259		36.8861
wait with 25000us
1.92003		20.8242
1.92009		20.808
1.91551		22.0535
1.87818		32.4299
1.91869		21.1889
1.91422		22.4069
1.91199		23.0146
1.8959		27.4534
1.91904		21.0951
wait with 50000us
1.98592		3.54547
1.98616		3.48489
1.98524		3.71749
1.98647		3.40548
1.98706		3.25521
1.98561		3.62257
1.98607		3.50687
1.98541		3.67345
wait with 75000us
1.98833		2.93518
1.9875		3.14477
1.99116		2.22035
1.98745		3.15711
1.98822		2.96193
1.98682		3.31793
1.99053		2.37915
1.98696		3.28196
1.98757		3.1266
wait with 100000us
1.98844		2.90774
1.98979		2.56538
1.98835		2.9286
1.99361		1.60217
1.99049		2.38953
1.98825		2.95579
1.98902		2.76105
end
