start
wait with 0us
1.8071		53.3724
1.80381		54.3815
1.8068		53.4659
1.80303		54.6228
1.80038		55.4375
1.80446		54.1825
1.80504		54.0058
1.80647		53.5666
wait with 2500us
1.82925		46.6709
1.82709		47.317
1.83287		45.5925
1.83674		44.4443
1.83783		44.1199
1.82971		46.5348
wait with 5000us
1.83449		45.1092
1.82827		46.9662
1.83495		44.9747
1.83257		45.6813
1.83194		45.8692
1.82997		46.4582
wait with 10000us
1.842		42.8886
1.83909		43.7481
1.84947		40.6947
1.84096		43.1956
1.84211		42.8546
1.8531		39.6373
1.84134		43.0827
1.85671		38.5879
1.85897		37.9313
wait with 25000us
1.91029		23.4812
1.89798		26.8749
1.89593		27.4451
1.91271		22.8197
1.91198		23.0175
1.91241		22.9007
1.91205		22.9993
wait with 50000us
1.98411		4.00392
1.99304		1.74721
1.98924		2.70379
1.98757		3.12586
1.98309		4.26289
1.98921		2.71097
wait with 75000us
1.99265		1.84498
1.99183		2.05046
1.9912		2.20931
1.99095		2.2736
1.99058		2.36604
1.99504		1.24397
1.99409		1.48282
1.98856		2.87525
1.98926		2.70001
wait with 100000us
1.99109		2.23793
1.99135		2.17069
1.99093		2.27731
1.99074		2.32679
1.99314		1.72069
1.99246		1.89098
1.99336		1.6654
1.99203		2.00083
1.99077		2.31741
end
