start
wait with 0us
1.83761		44.1846
1.83984		43.5254
1.83468		45.0551
1.83192		45.8752
1.83328		45.4709
1.83765		44.1728
1.84496		42.0185
wait with 2500us
1.84589		41.7434
1.84086		43.2239
1.849		40.8332
1.84669		41.5081
1.83799		44.0735
1.84769		41.2178
1.84413		42.2601
1.84502		42.0006
wait with 5000us
1.86543		36.0698
1.86334		36.6698
1.85217		39.9073
1.85589		38.8244
1.85687		38.5411
1.85143		40.1217
1.85166		40.057
1.85219		39.9004
1.84705		41.4027
wait with 10000us
1.87095		34.4886
1.86836		35.2282
1.87409		33.5933
1.87376		33.6866
1.87192		34.2098
1.86919		34.9921
1.87181		34.2413
1.87756		32.6071
wait with 25000us
1.92301		20.0182
1.92254		20.1461
1.92509		19.4558
1.92096		20.5725
1.92427		19.677
1.92425		19.6824
1.92519		19.4296
1.92331		19.9365
1.92899		18.407
wait with 50000us
1.98655		3.38432
1.98995		2.52398
1.98798		3.023
1.98921		2.71088
1.98859		2.8686
1.98832		2.93595
1.98753		3.13789
1.98748		3.15085
1.98619		3.47723
wait with 75000us
1.98957		2.62071
1.98881		2.81226
1.98569		3.60412
1.98937		2.6719
1.98867		2.8491
1.98569		3.60257
1.98767		3.10263
1.99004		2.50308
1.98682		3.3175
wait with 100000us
1.99119		2.21314
1.99309		1.73266
1.98927		2.69657
1.99185		2.04682
1.98737		3.17747
1.98876		2.82703
1.98939		2.66627
1.99137		2.16634
end
