start
wait with 0us
1.81378		51.3336
1.81538		50.848
1.81396		51.2807
1.81019		52.4285
1.81297		51.5812
1.81407		51.2469
1.80942		52.6646
wait with 2500us
1.8357		44.7526
1.83189		45.8843
1.83		46.4479
1.83735		44.2626
1.84376		42.3697
1.83782		44.1219
1.84321		42.5331
1.84157		43.0162
1.83731		44.2748
wait with 5000us
1.8444		42.1811
1.84702		41.4124
1.84481		42.0607
1.8459		41.7426
1.85005		40.5258
1.84696		41.4296
wait with 10000us
1.84725		41.3454
1.86087		37.3828
1.86141		37.2278
1.85532		38.9906
1.8595		37.7797
1.87655		32.8942
wait with 25000us
1.90469		25.0189
1.90019		26.2638
1.89656		27.2694
1.91201		23.0092
1.91596		21.9311
1.89149		28.684
1.90881		23.8871
1.92563		19.3101
wait with 50000us
1.97488		6.35895
1.98163		4.63541
1.98395		4.04381
1.98808		2.99765
1.9892		2.71439
1.97827		5.49261
1.98483		3.82258
1.98281		4.33431
wait with 75000us
1.99216		1.96824
1.9947		1.32936
1.99122		2.20408
1.98881		2.81245
1.99237		1.91427
1.99394		1.52022
1.99386		1.54033
1.99187		2.04046
1.99481		1.30051
wait with 100000us
1.99362		1.60076
1.99238		1.91343
1.99241		1.90476
1.99333		1.67352
1.9916		2.10938
1.99446		1.38763
1.99348		1.63659
1.99168		2.0896
1.9952		1.20381
end
