start
wait with 0us
5579.78		44.8046
5544.52		45.0896
5537.31		45.1483
5521.82		45.2749
5512.55		45.3511
5507.62		45.3917
5491.62		45.5239
5494.17		45.5028
5493.38		45.5093
5500.94		45.4467
5499.51		45.4586
5495.96		45.488
5497.78		45.4729
5290.56		47.2539
5286.63		47.2891
5287.71		47.2794
5288.89		47.2689
5293.77		47.2253
5292.07		47.2405
5291.72		47.2437
5282.91		47.3224
5286.46		47.2906
5287.32		47.2829
5278.19		47.3648
5280.51		47.3439
5283.63		47.3159
5262.96		47.5018
5274.1		47.4014
5271.08		47.4286
5271.31		47.4265
5269.66		47.4414
5267.05		47.4649
5267.37		47.4621
5268.08		47.4556
5269.43		47.4435
5267.25		47.4631
5260.31		47.5257
5265.69		47.4771
5268.55		47.4514
5165.62		48.3969
5155.03		48.4963
5160.44		48.4455
5158.44		48.4643
5162.46		48.4265
5160.79		48.4422
5157.14		48.4765
5162.82		48.4231
5165.62		48.3969
5162.23		48.4287
5163.46		48.4172
5166.88		48.3851
5163.4		48.4177
5018.83		49.8124
5022.88		49.7723
5018.62		49.8145
5011.09		49.8894
5016.58		49.8348
5016.18		49.8387
5012.73		49.8731
5015.64		49.8441
5015.41		49.8464
5019.45		49.8063
5018.2		49.8186
5013.33		49.867
5011.23		49.888
5165.65		48.3966
5162.39		48.4272
5159.78		48.4517
5153.58		48.51
5154		48.506
5158.23		48.4663
5159.78		48.4517
5161.37		48.4367
5154.95		48.4971
5160.31		48.4467
5164.01		48.412
5157.46		48.4735
5164.04		48.4117
wait with 2500us
5409.68		43.7135
5398.5		43.8092
5376.03		44.0027
5367.46		44.0769
5348.42		44.2428
5349.87		44.2301
5349.28		44.2353
5348.54		44.2418
5347.35		44.2521
5347.49		44.2509
5341.69		44.3017
5337.36		44.3396
5335.35		44.3573
5288.9		44.7688
5295.97		44.7057
5296.21		44.7035
5300.71		44.6635
5307.03		44.6073
5310.83		44.5736
5309.97		44.5813
5312.71		44.557
5305.18		44.6238
5312.07		44.5626
5316.37		44.5246
5313.32		44.5515
5315.27		44.5343
5232.89		45.2747
5235.91		45.2472
5235.73		45.2488
5234.07		45.264
5237.56		45.2321
5237.49		45.2327
5237.06		45.2367
5235.48		45.2511
5229.82		45.3028
5226		45.3378
5227.5		45.324
5230.77		45.2942
5225		45.3469
5221.55		45.3785
5218.49		45.4066
5220.58		45.3874
5222.96		45.3656
5218.11		45.4101
5218.78		45.4039
5217.79		45.413
5209.96		45.4851
5216.22		45.4274
5216.04		45.4291
5218.09		45.4102
5220.24		45.3905
5221.4		45.3799
5286.97		44.786
5291.72		44.7436
5289.25		44.7656
5290.63		44.7534
5287.04		44.7855
5288.76		44.7701
5286		44.7948
5296.04		44.705
5280.72		44.842
5277.89		44.8674
5284.01		44.8126
5287.11		44.7848
5275.76		44.8865
5311.26		44.5698
5308.23		44.5967
5304.69		44.6281
5306.62		44.611
5311.13		44.571
5307.27		44.6052
5313.29		44.5519
5306.46		44.6124
5318.86		44.5025
5320.38		44.4891
5318.7		44.504
5309.32		44.587
5323.36		44.4629
5189.16		45.6774
5187.35		45.6942
5186.91		45.6983
5184.87		45.7172
5185.34		45.7128
5181.37		45.7498
5189.46		45.6745
5188.12		45.687
5185.98		45.7069
5193.99		45.6325
5186.01		45.7066
5189.8		45.6714
5187.79		45.6901
wait with 5000us
5483.87		40.5882
5480.82		40.6136
5467.38		40.7257
5467.78		40.7224
5458.45		40.8005
5457.22		40.8108
5454.9		40.8304
5464.05		40.7536
5456.08		40.8205
5458.31		40.8017
5467.03		40.7287
5456.61		40.816
5461.11		40.7782
5196.28		43.1113
5193.45		43.1375
5208.15		43.0017
5202.29		43.0558
5202.4		43.0547
5201.74		43.0608
5204.5		43.0354
5204.23		43.0378
5204.3		43.0372
5197.85		43.0968
5205.16		43.0292
5206		43.0215
5202.39		43.0548
5128.51		43.7471
5129.97		43.7333
5127.79		43.7539
5127.12		43.7603
5134.55		43.6897
5126.28		43.7683
5127.13		43.7603
5125.08		43.7797
5121.2		43.8167
5120.57		43.8227
5124.11		43.789
5124.92		43.7812
5118.3		43.8444
5199.51		43.0814
5190.63		43.1638
5201.53		43.0628
5189.12		43.1777
5193.01		43.1416
5195.81		43.1157
5198.41		43.0916
5195.75		43.1162
5190.06		43.169
5192.97		43.142
5195.38		43.1196
5192.28		43.1484
5194.82		43.1249
5125.91		43.7718
5118.12		43.8461
5120.85		43.82
5119.92		43.8289
5119.63		43.8317
5118.33		43.8441
5136.96		43.667
5118.74		43.8401
5131.57		43.718
5120.8		43.8205
5124.68		43.7835
5120.35		43.8248
5120.68		43.8217
5179.12		43.2708
5173.1		43.3269
5176.3		43.297
5186.81		43.1991
5180.93		43.2539
5184.4		43.2216
5170.86		43.3478
5186.39		43.2031
5177.84		43.2826
5185.27		43.2135
5173.36		43.3244
5183.25		43.2323
5176.08		43.2991
5139.25		43.6452
5142.4		43.6154
5146.3		43.5786
5140.95		43.6291
5148.75		43.5555
5146.94		43.5726
5144.16		43.5988
5144.14		43.599
5139.87		43.6393
5151.11		43.5332
5148.24		43.5602
5147.34		43.5688
5148.63		43.5566
wait with 10000us
5206.01		38.0214
5198.41		38.0916
5194.56		38.1273
5195.96		38.1143
5198.88		38.0873
5198.77		38.0883
5193.78		38.1345
5194.82		38.1248
5197.31		38.1018
5190.28		38.167
5192.45		38.1468
5188.95		38.1793
5192.26		38.1486
5086.93		39.1455
5090.94		39.1069
5088.92		39.1263
5088.6		39.1294
5087.4		39.141
5086.18		39.1528
5090.82		39.108
5092.65		39.0903
5096.73		39.051
5094.81		39.0696
5098.66		39.0325
5098.66		39.0325
5096.83		39.0501
5370.48		36.5508
5368.74		36.5659
5361.26		36.6309
5360.62		36.6364
5355.96		36.677
5352.17		36.71
5354.29		36.6916
5351.42		36.7165
5357.32		36.6652
5343.8		36.7832
5344.43		36.7777
5345		36.7727
5350.56		36.7241
5395.79		36.3324
5402.84		36.272
5407.54		36.2318
5409.72		36.2131
5404.75		36.2556
5411.81		36.1953
5408.16		36.2264
5413.84		36.1779
5410.65		36.2052
5412.64		36.1882
5408.86		36.2205
5411.78		36.1955
5411.86		36.1949
5223.28		37.8627
5228.28		37.8169
5221.44		37.8795
5217.67		37.9141
5228.53		37.8146
5225.13		37.8457
5229.57		37.8051
5219.86		37.894
5227.05		37.8281
5226.02		37.8375
5220.86		37.8849
5219.17		37.9003
5221.74		37.8768
5278.45		37.3624
5273.93		37.403
5268.76		37.4495
5272.2		37.4185
5264.79		37.4853
5275.41		37.3897
5272.81		37.413
5273.63		37.4057
5265.12		37.4823
5276.42		37.3806
5266.69		37.4682
5268.8		37.4491
5272.69		37.4141
5216.51		37.9248
5206.96		38.0126
5213.66		37.951
5190.38		38.166
5080.97		39.2032
5080.95		39.2034
5072.49		39.2854
5080.24		39.2102
5081.3		39.2
5071.66		39.2935
5077.84		39.2336
5077.03		39.2414
5077.52		39.2367
5199.58		38.0808
5183.87		38.2265
5193.57		38.1365
5222.54		37.8694
5328.81		36.9148
5330.15		36.903
5333.8		36.8709
5336.3		36.8489
5334.23		36.8672
5333.66		36.8721
5345.31		36.77
5337.19		36.8411
5332.15		36.8854
wait with 25000us
5339.46		21.8212
5340.63		21.8109
5341.13		21.8066
5347.85		21.7477
5366		21.5897
5359.84		21.6432
5365.4		21.5948
5368.95		21.5641
5395.27		21.3369
5399.14		21.3037
5390.95		21.3741
5391.77		21.367
5382.07		21.4505
5416.69		21.1537
5421.49		21.1128
5416.92		21.1517
5423.69		21.0941
5405.83		21.2463
5408.27		21.2255
5415.81		21.1611
5417.91		21.1432
5382.27		21.4488
5392.85		21.3577
5387.93		21.4
5399.77		21.2983
5397.91		21.3142
5157.28		23.4751
5155.4		23.4928
5161.88		23.432
5161.28		23.4376
5155.93		23.4878
5160.06		23.449
5157.92		23.4692
5162.64		23.4249
5176.79		23.2925
5171.69		23.3401
5171.44		23.3425
5177.61		23.2849
5175.34		23.306
5368.59		21.5671
5364.49		21.6027
5357.85		21.6605
5363.49		21.6115
5361.85		21.6257
5364.71		21.6008
5372.79		21.5307
5366.96		21.5813
5366.7		21.5836
5364.67		21.6012
5369.92		21.5556
5363.28		21.6133
5363.02		21.6155
5240.5		22.7054
5236.78		22.7393
5241.29		22.6982
5245.68		22.6583
5232.85		22.7751
5237		22.7372
5240.15		22.7086
5239.06		22.7185
5237.45		22.7331
5240.78		22.7028
5238.46		22.7239
5238.81		22.7207
5238.55		22.7231
5240.69		22.7036
5249.23		22.626
5244.33		22.6706
5253.6		22.5864
5247.99		22.6373
5242.11		22.6907
5243.45		22.6786
5249.56		22.623
5248.61		22.6316
5245.16		22.663
5254.2		22.581
5251.89		22.6019
5247.65		22.6404
5335.75		21.8538
5319.69		21.9952
5324.34		21.9542
5318.15		22.0089
5316.74		22.0213
5322.95		21.9665
5311.42		22.0684
5314.88		22.0377
5319.08		22.0006
5318.95		22.0018
5306.82		22.1092
5301.3		22.1583
5300.16		22.1684
5403.01		21.2705
5402.85		21.2719
5412.92		21.1858
5404.39		21.2586
5411.13		21.2011
5400.83		21.2892
5415.13		21.1669
5412.78		21.187
5418.04		21.1422
5423.78		21.0934
5409.04		21.2189
5421.37		21.1138
5420.41		21.1219
5324.35		21.9541
5318.44		22.0063
5316.85		22.0203
5322.48		21.9706
5311.02		22.0719
5316.74		22.0213
5312.8		22.0561
5311.13		22.0709
5312.1		22.0624
5320.13		21.9913
5307.57		22.1026
5310.97		22.0724
5308.31		22.0959
5203.89		23.0409
5199.2		23.0843
5200.08		23.0762
5209.18		22.9922
5201.87		23.0596
5200.8		23.0696
5214.55		22.9428
5203.02		23.049
5204.32		23.037
5211.58		22.9701
5204.44		23.0359
5205.58		23.0254
5207.59		23.0068
5453		20.8463
5448.19		20.8868
5444.12		20.9211
5459.6		20.7909
5459.81		20.7891
5453.1		20.8455
5449.88		20.8726
5442.75		20.9326
5443.6		20.9255
5454.35		20.8349
5452.41		20.8513
5449.11		20.8791
5447.5		20.8926
wait with 50000us
4508.05		5.4563
4509.23		5.44178
4511.03		5.41976
4517.05		5.34584
4518.18		5.33203
4523.84		5.26276
4525.81		5.23876
4520.14		5.30808
4510.76		5.42304
4505.07		5.493
4516.73		5.34974
4520.97		5.29784
4512.86		5.3973
4680.81		3.4096
4675.06		3.47529
4675.29		3.47259
4677.46		3.44781
4678.95		3.43084
4679.03		3.42984
4677.18		3.45098
4698.03		3.21375
4692.62		3.27515
4701.75		3.17175
4692.93		3.27164
4687.56		3.33269
4687.9		3.32876
4683.63		3.37743
4694.96		3.24855
4696.55		3.23058
4690		3.3049
4684.84		3.36357
4680.85		3.40908
4698.76		3.20554
4691.54		3.28738
4683.73		3.37628
4686.55		3.3441
4688.45		3.32249
4689.59		3.30953
4682.78		3.38706
4538.27		5.08705
4540.84		5.05595
4536.13		5.11312
4548.19		4.96691
4543.61		5.02236
4548.3		4.96556
4553.19		4.9065
4542.26		5.03866
4547.39		4.97661
4557.14		4.859
4551.09		4.93195
4543.61		5.02232
4540.73		5.05718
4683.86		3.37475
4693.72		3.26267
4686.74		3.34196
4679.75		3.42162
4686.16		3.34855
4687.74		3.33055
4680.22		3.41626
4686.08		3.34946
4683.08		3.38372
4675.06		3.47526
4674.77		3.47854
4678.04		3.44123
4683.43		3.37971
4696.3		3.23345
4687.08		3.33806
4687.53		3.33302
4686.61		3.34347
4694.4		3.25491
4689.27		3.31322
4693.74		3.26242
4693		3.27078
4687.27		3.336
4693.3		3.26745
4693.26		3.26793
4700.27		3.18847
4692.48		3.27676
4692.71		3.27413
4692.29		3.27887
4698.19		3.21196
4679.59		3.42347
4684.99		3.36192
4697.72		3.21734
4692.53		3.27616
4689.64		3.30903
4702.71		3.16085
4696.16		3.23504
4690.43		3.30001
4688.89		3.31754
4697.83		3.21607
4678.65		3.43418
4684.1		3.372
4682.23		3.3934
4681.66		3.39984
4684.67		3.36553
4690.65		3.29752
4686.75		3.34181
4683.93		3.37396
4687.18		3.33698
4680.31		3.41526
4682.26		3.39306
4687.53		3.33299
4679.66		3.42269
4685.04		3.36131
4696.23		3.2342
4699.47		3.19749
4692.81		3.27299
4700.6		3.18464
4684.3		3.36972
4684.58		3.36663
4684.45		3.36801
4696.39		3.23243
4683.82		3.37518
4692.37		3.27802
4693.23		3.26826
4691.79		3.28462
4692.96		3.27128
4686.43		3.34554
4689.43		3.31137
4686.88		3.34042
4691.28		3.29036
4685.1		3.36063
4685.1		3.3607
4687.1		3.33787
4686.89		3.34032
4687.92		3.32859
4689.21		3.31386
4692.94		3.27155
4680.27		3.41571
4541.55		5.04724
4547.76		4.97209
4543.85		5.01948
4537.53		5.09602
4543.81		5.01987
4549.53		4.95075
4546.71		4.98482
4549.15		4.95527
4555.81		4.87499
4539.32		5.07431
4537.44		5.09717
4536.23		5.11182
4537.7		5.09403
4695.19		3.24594
4694.84		3.24999
4693.16		3.26898
4687.9		3.32877
4685.59		3.35511
4694.08		3.25857
4684.67		3.36555
4685.82		3.35243
4678.21		3.43922
4705.2		3.13273
4700.7		3.18355
4693.12		3.26947
4690.32		3.30127
4675.83		3.46646
4676.55		3.45826
4675.05		3.47537
4677.72		3.4448
4681.02		3.40719
4674.97		3.47623
4673.67		3.49111
4681.63		3.40023
4675.44		3.47095
4683.04		3.3841
4683.31		3.381
4687.89		3.32895
4678.74		3.4332
wait with 75000us
3250.33		1.91524
3214.07		2.78298
3201.58		3.08653
3187.8		3.42394
3187.14		3.44026
3185.49		3.48079
3186.08		3.46633
3186.05		3.46698
3190		3.36996
3187.41		3.43371
3185.26		3.48665
3185.03		3.49229
3191.35		3.3367
3183.63		3.52677
3220.39		2.63034
3198.16		3.17004
3218.74		2.67009
3189.08		3.3925
3190.48		3.35805
3186.35		3.45967
3188.44		3.4082
3183.44		3.53142
3182.72		3.5492
3179.41		3.63104
3176.1		3.71284
3181.38		3.58227
3181.38		3.58235
3182.99		3.54248
3213.49		2.79708
3214.88		2.76347
3202.61		3.06121
3190.47		3.35843
3197.13		3.19507
3192.77		3.30193
3192.79		3.30133
3195.88		3.22563
3186.37		3.45909
3184.7		3.50023
3181.91		3.56907
3189.81		3.37455
3185.58		3.47867
3183.83		3.52174
3178.83		3.64526
3197.42		3.18814
3212.42		2.82283
3214.34		2.77636
3210.28		2.87479
3205.64		2.98749
3189.39		3.38481
3200.19		3.12033
3201.74		3.08263
3202.27		3.06973
3190.32		3.36205
3186.49		3.45617
3189.63		3.37888
3179.16		3.63707
3212.96		2.80981
3207.43		2.94405
3205.52		2.99056
3204.65		3.01153
3206.41		2.96889
3221.64		2.60017
3210.83		2.86157
3198.75		3.15554
3190.4		3.35997
3198.43		3.16331
3197.02		3.19779
3188.42		3.40865
3186.94		3.44504
3179.55		3.62756
3183.13		3.5391
3193.79		3.27689
3200.95		3.10188
3196		3.22272
3195.77		3.22843
3221.42		2.60543
3209.16		2.90209
3224.12		2.54054
3207.86		2.93354
3197.03		3.19748
3205.26		2.99684
3202.75		3.05783
3199		3.14952
3187.28		3.43689
3185.08		3.49089
3186.84		3.44768
3185.37		3.48382
3188.54		3.40567
3183.09		3.54001
3182.46		3.55556
3184.25		3.51143
3201.55		3.0871
3222.73		2.5739
3196.91		3.20049
3201.06		3.09913
3205.47		2.99166
3207.53		2.9417
3204.46		3.01629
3206.34		2.97052
3195.31		3.23964
3192.95		3.29758
3188.63		3.40364
3190.38		3.36048
3191.4		3.33557
3086.87		5.98831
3083.75		6.07016
3112.82		5.31304
3107.15		5.45954
3119.37		5.14427
3133.93		4.77215
3126.06		4.97297
3126.95		4.95021
3140.1		4.61524
3148.69		4.39816
3145.6		4.47604
3149.38		4.38078
3151.54		4.32624
3199.41		3.13933
3190.78		3.35085
3190.49		3.35785
3192.78		3.30179
3186.97		3.44433
3189.04		3.39349
3186.09		3.4661
3183.93		3.51934
3184.6		3.50276
3176.76		3.69643
3181.94		3.56837
3176.15		3.71156
3178.09		3.66349
3222.84		2.57133
3224.62		2.52862
3203.09		3.04968
3200.27		3.11846
3192.27		3.31411
3194.11		3.26903
3193.33		3.28814
3186.61		3.45317
3187.78		3.42451
3182.87		3.54555
3182.53		3.55393
3187.33		3.43544
3185.33		3.48489
3206.8		2.95922
3208.71		2.91291
3218.33		2.67996
3212.98		2.80932
3192.2		3.31591
3194.02		3.27115
3197.96		3.17495
3195.93		3.22441
3202.6		3.06146
3199.78		3.1304
wait with 100000us
2388.37		4.67399
2392.35		4.4997
2392.97		4.47257
2394.61		4.40095
2396.16		4.33374
2389.84		4.60959
2391.07		4.55568
2335.08		7.06267
2325.14		7.52033
2317.01		7.89757
2318.88		7.81087
2318.13		7.84576
2321		7.71214
2430.51		2.8592
2422.14		3.21433
2417.21		3.42507
2416.73		3.44542
2415.01		3.5192
2418.67		3.3624
2416.87		3.43945
2451.67		1.9713
2437.93		2.54621
2422.93		3.18102
2420.54		3.28293
2419.95		3.30775
2422.1		3.21623
2415.94		3.4796
2423.68		3.14889
2421.34		3.24864
2423.89		3.13989
2421.67		3.23452
2421.34		3.24844
2417.29		3.42156
2443.81		2.29948
2433.28		2.74179
2429.82		2.88825
2428.82		2.93083
2419.3		3.33568
2418.55		3.3679
2419.9		3.31001
2421.01		3.26276
2420.46		3.28599
2414.37		3.54667
2415.97		3.47791
2422.23		3.21066
2415.94		3.47945
2415.16		3.51282
2437.59		2.56048
2453.18		1.90854
2424.59		3.11016
2426.07		3.04751
2426.53		3.02788
2419.38		3.33223
2424.01		3.13498
2418.47		3.3713
2417.67		3.40532
2421.87		3.22589
2420.64		3.27841
2424.28		3.12324
2423.94		3.1377
2430.87		2.84386
2442.87		2.33857
2427.13		3.00227
2426.36		3.03486
2422.83		3.18511
2431.33		2.82457
2426.08		3.04695
2427.68		2.97897
2426.38		3.03414
2416.49		3.45585
2421.36		3.24776
2418.83		3.35565
2416.35		3.46172
2424.77		3.10258
2427.24		2.99763
2434.64		2.68461
2428.71		2.93521
2429.89		2.88529
2431.41		2.821
2438.54		2.52049
2440.09		2.45531
2424.43		3.11713
2427.86		2.97126
2423.83		3.14266
2420.91		3.26709
2416.01		3.47622
2415.12		3.51436
2415.44		3.50092
2438.16		2.53653
2436.53		2.60495
2433.49		2.73319
2432.24		2.78612
2423.24		3.16748
2422.36		3.20508
2434.88		2.6745
2432.01		2.79548
2432.52		2.77417
2423.98		3.13608
2428.56		2.94178
2427.35		2.99314
2420.59		3.2807
2439.38		2.48517
2432.7		2.76636
2431.63		2.81178
2438.23		2.53349
2433		2.75385
2429.26		2.9121
2418.96		3.35008
2434.64		2.68458
2424.88		3.09793
2428.93		2.92586
2425.88		3.0555
2421.3		3.25013
2422.83		3.18496
2426.3		3.03769
2441.52		2.39542
2439.49		2.48036
2429.7		2.89337
2426.08		3.04678
2413.66		3.57727
2429.12		2.91805
2429.42		2.90512
2428.05		2.9632
2428.77		2.93267
2434.31		2.69856
2438.73		2.51258
2428.77		2.93291
2425.58		3.06818
2426.78		3.01697
2426.82		3.01527
2436.33		2.61322
2443.16		2.32638
2439.55		2.478
2431.15		2.83219
2419.94		3.30827
2429.54		2.90011
2424.05		3.13298
2423.32		3.16416
2425.78		3.05983
2434.97		2.67086
2429.13		2.91759
2419.75		3.31639
2416.96		3.43551
end
