start
wait with 0us
3624.09		68.9828
3533.1		70.7594
3522.77		70.9669
4311.11		57.9898
4315.58		57.9296
4237.74		58.9937
3134.12		79.7673
4198.82		59.5405
4200.28		59.5198
4195.9		59.5819
4189.3		59.6759
4189.77		59.6691
4181.33		59.7896
4099.99		60.9758
4091.84		61.0972
4101.75		60.9496
4104.21		60.913
4102.13		60.9439
4108.76		60.8455
4144.75		60.3173
4144.43		60.3219
4173.42		59.9029
4154.59		60.1744
4146.48		60.2921
4160.68		60.0863
4150.68		60.2312
4245.16		58.8906
4266.75		58.5926
4263.51		58.6371
4259.03		58.6988
4241.1		58.947
4257.7		58.7172
4212.08		59.3531
4204.29		59.4631
4193.28		59.6192
4196.26		59.5768
4190.08		59.6648
4186.65		59.7137
4195.37		59.5895
4193.79		59.612
4188.99		59.6803
4196.15		59.5784
4205.02		59.4527
4190.36		59.6608
4180.72		59.7983
4196.55		59.5727
4185.3		59.7328
4190.85		59.6538
4184.44		59.7452
4193.34		59.6184
4197.16		59.5641
4198.58		59.5439
4197.42		59.5604
4195.11		59.5931
4195.35		59.5897
4200.59		59.5155
4197.81		59.5548
wait with 2500us
3766.78		63.8697
3765.19		63.8977
3767.26		63.8612
3769.6		63.8201
3774.49		63.7341
3763.05		63.9354
3769.21		63.8269
3761.52		63.9626
3758.98		64.0075
3761.92		63.9555
3778.1		63.6708
3759.47		63.9987
3758.96		64.0077
3748.69		64.19
3742.28		64.3041
3746.91		64.2216
3740.52		64.3357
3751.1		64.1471
3744.63		64.2623
3752.5		64.1223
3748.09		64.2006
3746.13		64.2355
3735.45		64.4263
3749.93		64.1679
3739.27		64.358
3750.16		64.1639
3756.45		64.0522
3755.28		64.0728
3752.88		64.1154
3754.15		64.0929
3754.47		64.0873
3747.34		64.2139
3753.68		64.1013
3748.05		64.2014
3763.26		63.9317
3755.03		64.0774
3755.88		64.0624
3759.37		64.0006
3751.62		64.1379
3745.71		64.243
3747.23		64.2159
3755.42		64.0705
3748.01		64.2021
3758.88		64.0092
3753.86		64.0981
3745.51		64.2467
3763.86		63.9212
3757.4		64.0354
3753.71		64.1008
3759.23		64.0031
3759.24		64.0028
3751.06		64.1478
3752.64		64.1197
3747.44		64.2121
3742.5		64.3003
3739.12		64.3606
3745.92		64.2393
3738.26		64.3761
3741.02		64.3267
3749.11		64.1825
3729.65		64.5305
3739.45		64.3548
3740.04		64.3443
3727.81		64.5635
3742.95		64.2922
wait with 5000us
3577.65		64.8782
3609.97		64.2527
3604.66		64.3548
3600.23		64.44
3595.57		64.5301
3592.43		64.5907
3600.8		64.429
3591.62		64.6064
3597.3		64.4966
3588.5		64.667
3602.1		64.404
3592.53		64.5889
3599.78		64.4486
3581.73		64.7986
3580.72		64.8183
3585.23		64.7305
3594.43		64.5522
3588.27		64.6715
3589.65		64.6448
3593.5		64.57
3588.76		64.6619
3594.11		64.5582
3593.09		64.5779
3588.8		64.6611
3584.42		64.7463
3589.17		64.654
3597.46		64.4935
3590.67		64.6249
3594.25		64.5555
3592.35		64.5922
3597.61		64.4905
3583.74		64.7595
3583		64.774
3578.33		64.8649
3581.36		64.8058
3585.87		64.718
3584.78		64.7392
3591.98		64.5994
3583.64		64.7616
3574.69		64.9362
3579.42		64.8436
3576.83		64.8942
3578.84		64.855
3574.5		64.9399
3584.21		64.7504
3584.05		64.7534
3583.69		64.7606
3584.07		64.7531
3579.72		64.8379
3587.78		64.6809
3574.32		64.9435
3581.17		64.8095
3599.52		64.4538
3598.88		64.4661
3588.69		64.6633
3587.14		64.6933
3591.68		64.6053
3593.6		64.5681
3592.52		64.589
3593.24		64.5752
3586.1		64.7137
3591.67		64.6055
3588.4		64.669
3595.14		64.5383
3594.26		64.5554
wait with 10000us
3458.84		62.2786
3497.05		61.4889
3501.63		61.3954
3507.64		61.2729
3522.99		60.9625
3512.75		61.1692
3526.73		60.8872
3511.32		61.1982
3523.14		60.9593
3513.88		61.1464
3524.68		60.9284
3522.44		60.9736
3506.6		61.2942
3500.24		61.4237
3512.18		61.1809
3513.45		61.1552
3502.25		61.3827
3510.86		61.2075
3504.4		61.339
3512.87		61.1669
3511.03		61.2043
3512.91		61.1662
3501.52		61.3975
3501.79		61.3921
3511.11		61.2025
3518.94		61.0441
3518.95		61.044
3526.69		60.888
3525.47		60.9125
3523.05		60.9612
3522.17		60.979
3518.16		61.0598
3532.19		60.7777
3512.23		61.1798
3529.62		60.8291
3532.4		60.7734
3522.96		60.9631
3516.81		61.0872
3515.95		61.1045
3500.11		61.4263
3499.77		61.4333
3498.76		61.4539
3488.68		61.6603
3498.84		61.4522
3492.24		61.5874
3488.34		61.6673
3487.11		61.6927
3489.98		61.6336
3492.11		61.5899
3490.3		61.6271
3485.51		61.7255
3490.32		61.6266
3477.53		61.8901
3475.33		61.9356
3479.62		61.8468
3477.47		61.8914
3471.12		62.0229
3474.08		61.9615
3465.98		62.1298
3475.9		61.9238
3469.99		62.0462
3469.04		62.0661
3477.72		61.8861
3476.43		61.9128
3478.29		61.8743
wait with 25000us
3389		48.768
3420.3		48.093
3445.95		47.5489
3468.99		47.0671
3468.97		47.0675
3454.74		47.3644
3470.18		47.0423
3470.26		47.0407
3479.02		46.8593
3473.71		46.9691
3481.73		46.8034
3471.19		47.0214
3479.79		46.8434
3443.44		47.6017
3442.22		47.6276
3434.47		47.7915
3427.05		47.9491
3434.69		47.7867
3440.8		47.6575
3435.58		47.7679
3439.45		47.686
3440.29		47.6684
3441.48		47.6431
3442.97		47.6116
3434.36		47.7937
3427.17		47.9465
3462.68		47.1985
3460.8		47.2377
3455.29		47.3528
3460.49		47.2441
3458.26		47.2906
3453.69		47.3864
3455.55		47.3475
3450.82		47.4466
3445.39		47.5608
3458.74		47.2806
3437.92		47.7185
3460.97		47.2342
3441.02		47.6528
3441.04		47.6525
3439.16		47.6922
3436.58		47.7467
3450.86		47.4457
3447.71		47.5119
3448.98		47.4852
3425.2		47.9884
3416.93		48.165
3422.19		48.0526
3410.16		48.3103
3415.17		48.2028
3410.07		48.3123
3409.4		48.3267
3412.52		48.2596
3419.61		48.1078
3406.71		48.3847
3414.95		48.2074
3407.7		48.3632
3448.49		47.4956
3419.24		48.1156
3443.48		47.601
3429.64		47.894
3437.56		47.726
3432.2		47.8396
3415.6		48.1937
3423.53		48.0241
3436.16		47.7557
3434.99		47.7805
3420.97		48.0786
3416.15		48.1817
3418.77		48.1257
3410.09		48.3119
3403.7		48.4494
3400.67		48.5148
3414.19		48.2237
3431.64		47.8514
3443.07		47.6096
3447.49		47.5165
3441.8		47.6365
3386.06		48.8322
3379.95		48.9656
3411.8		48.2752
3417.17		48.1599
3399.08		48.5492
3397.39		48.586
3400.68		48.5148
3408.55		48.3449
3402.75		48.47
3414.9		48.2086
3408.63		48.3433
3408.18		48.3529
3405.75		48.4053
wait with 50000us
3198.3		28.1665
3277.69		26.2731
3258.6		26.7202
3285.21		26.0986
3274.64		26.3443
3294.27		25.8893
3298.86		25.7838
3303.12		25.686
3296.12		25.8467
3303.75		25.6716
3302.55		25.699
3315.22		25.4099
3307.58		25.584
3272.98		26.3831
3276.24		26.3069
3295.87		25.8524
3278.92		26.2446
3287.82		26.0382
3272.98		26.3831
3278.92		26.2447
3298.99		25.7807
3281.9		26.1754
3281.87		26.1762
3271.93		26.4075
3285.12		26.1008
3275.92		26.3145
3301.9		25.7139
3304.72		25.6494
3299.26		25.7747
3296.19		25.8452
3299.75		25.7633
3301.82		25.7159
3289.28		26.0044
3306.73		25.6035
3294.07		25.894
3286.54		26.0678
3293.11		25.9161
3293.31		25.9114
3279.41		26.2332
3274.22		26.354
3265.85		26.5497
3258.9		26.713
3254.98		26.8055
3261.72		26.6466
3261.12		26.6608
3252.23		26.8704
3249.39		26.9376
3272		26.4058
3256.65		26.7661
3270.45		26.442
3270.32		26.4451
3265.35		26.5616
3198.4		28.1642
3192.5		28.3086
3198.81		28.154
3200.92		28.1026
3193.94		28.2732
3211.52		27.8446
3187.15		28.4399
3217.79		27.693
3211.34		27.8492
3202.99		28.052
3183.22		28.5369
3162.46		29.0523
3169.26		28.8828
3080.94		31.1441
3079.04		31.194
3076.53		31.2605
3084.09		31.0611
3076.76		31.2542
3085.45		31.0256
3077.04		31.247
3080.92		31.1446
3065.25		31.5595
3067.67		31.4951
3090.38		30.8963
3093.68		30.81
3085.85		31.0148
3086.6		30.9952
3097.17		30.7188
3101.48		30.6067
3083.44		31.0784
3085.29		31.0297
3066.52		31.5255
3067.7		31.4942
3082.37		31.1064
3066.92		31.5149
3071.87		31.3837
3068.03		31.4856
3070.04		31.4323
3066.07		31.5376
2997.74		33.3962
2999.65		33.3432
2994.33		33.4911
2999.52		33.3467
3001.87		33.2815
3019.24		32.8022
3014.47		32.9334
3012.09		32.9987
3018.79		32.8147
3002.62		33.2605
3011.53		33.0142
3011.8		33.007
3004.26		33.2151
2952.74		34.6671
2941.77		34.9828
2938.68		35.0722
2944.21		34.9125
2946.17		34.8558
2949.88		34.7491
2941.39		34.9939
2950.87		34.7208
2938.7		35.0716
2936.38		35.1389
2947.65		34.8135
2947.11		34.829
2942.78		34.9537
wait with 75000us
2255.41		35.8444
2326.83		32.4424
2327.5		32.4113
2345.84		31.5717
2346.5		31.5415
2346.66		31.5342
2358.75		30.9882
2367.63		30.5908
2365.62		30.6805
2368.45		30.5541
2368.99		30.5303
2374.05		30.3053
2374.1		30.3033
2311.43		33.1581
2308.24		33.3074
2309.91		33.2294
2300.12		33.6901
2299.17		33.7347
2305.74		33.4249
2304.41		33.4879
2310.75		33.1899
2313.98		33.0391
2313.68		33.0529
2312.2		33.1221
2308.73		33.2847
2304.68		33.4747
2274.06		34.9356
2269.96		35.134
2266.84		35.2859
2268.81		35.1901
2271.77		35.0465
2277.7		34.7598
2268.34		35.2127
2269.2		35.1708
2266.66		35.2944
2265.9		35.3313
2269.67		35.1483
2272.9		34.9915
2261.86		35.5283
2239.05		36.6544
2242.89		36.4635
2241.41		36.5368
2235.98		36.8078
2240.81		36.567
2239.5		36.632
2247.69		36.2252
2244.82		36.3676
2235.08		36.8529
2234.08		36.9029
2226.65		37.2764
2240.48		36.5833
2242.98		36.4589
2236.28		36.793
2235.67		36.8232
2235.29		36.8423
2244.65		36.3759
2227.49		37.2341
2236.15		36.7995
2236.24		36.7946
2238.07		36.7034
2233.41		36.9367
2242.65		36.4751
2241.53		36.531
2238.57		36.6784
2233.04		36.9551
2234.05		36.9042
2232.85		36.9646
2230.48		37.0833
2234.87		36.8636
2235.87		36.8132
2228.81		37.1673
2230.78		37.0686
2233.18		36.948
2234.12		36.9009
2232.06		37.0043
2229.51		37.1322
2227.76		37.2203
2223.8		37.42
2204.35		38.4121
2208.86		38.1805
2209.71		38.1372
2199.45		38.6649
2206.9		38.2809
2198.75		38.7009
2198		38.7396
2199.7		38.6518
2199.76		38.6486
2202.83		38.4903
2200.67		38.6016
2207.66		38.2422
2201.35		38.5666
2149.1		41.328
2143.28		41.6437
2137.19		41.976
2145.66		41.5144
2144.22		41.5927
2142.65		41.6781
2149.54		41.3042
2145.01		41.5496
2138.59		41.8992
2144.42		41.5819
2141.86		41.721
2136.34		42.0226
2145.22		41.5382
wait with 100000us
1762.46		41.8472
1771.04		41.1597
1791.06		39.5825
1799.56		38.9229
1827.76		36.7796
1816.37		37.6372
1813.54		37.8518
1808.32		38.2496
1816.42		37.6336
1837.63		36.0449
1839.46		35.9096
1838.43		35.9855
1842.95		35.6522
1825.7		36.934
1828.79		36.7024
1823.23		37.1191
1827.16		36.8241
1823.64		37.0887
1830.81		36.5517
1828.49		36.7251
1827.45		36.8025
1821.4		37.2574
1821.21		37.2713
1821.8		37.2271
1828.92		36.6929
1827.29		36.8149
1800.57		38.8452
1801.32		38.7868
1798		39.0432
1804.19		38.5667
1802.95		38.6613
1799.51		38.9269
1800.25		38.8695
1800.57		38.8451
1799.57		38.9218
1803.56		38.6151
1801.34		38.7859
1804.49		38.5437
1801.96		38.7379
1788.34		39.7947
1789.61		39.695
1783.64		40.1625
1781.12		40.3607
1784.54		40.0921
1783.7		40.1584
1787.88		39.8304
1783.94		40.139
1788.87		39.7528
1785.9		39.9855
1784.19		40.12
1784.79		40.0727
1785.31		40.0319
1773.05		41
1774.95		40.8491
1778.31		40.5829
1775.52		40.8039
1773.23		40.9853
1773.11		40.9954
1771.11		41.1543
1775.7		40.7896
1775.47		40.8082
1779.5		40.4889
1774.5		40.8851
1771.3		41.1396
1776.35		40.7382
1774.66		40.8724
1772.46		41.0466
1770.22		41.225
1771.2		41.1473
1768.51		41.3623
1771.18		41.1489
1771.63		41.1134
1775.05		40.8415
1773.19		40.9885
1768.67		41.349
1770.5		41.2034
1777.06		40.6822
1768.97		41.3251
1763.97		41.7261
1764.61		41.6744
1766.84		41.4952
1761.74		41.9055
1762.12		41.8742
1764.33		41.6967
1760.75		41.9853
1759.83		42.0595
1759.87		42.0563
1762.11		41.8751
1760.69		41.99
1759.59		42.0789
1762.87		41.8143
1748.02		43.0189
1747.52		43.0596
1748.89		42.9474
1750.2		42.8408
1751.58		42.7286
1751.41		42.7421
1753.01		42.6117
1755.68		42.3951
1754.08		42.5248
1747.15		43.0898
1747.71		43.0447
1751.55		42.7307
1749.35		42.9105
end
