start
wait with 0us
5636.42		44.3544
5610.82		44.5567
5611.06		44.5549
5568.04		44.8991
5548.5		45.0573
5521.14		45.2805
5508.92		45.3809
5508.98		45.3805
5508.54		45.3841
5511.38		45.3607
5510.57		45.3673
5510.37		45.369
5515.47		45.327
5623.14		44.4592
5615.12		44.5226
5611.68		44.55
5622.45		44.4646
5622.34		44.4654
5625.63		44.4395
5631.73		44.3913
5626.18		44.4351
5627.2		44.4271
5622.11		44.4673
5617.39		44.5046
5624.3		44.45
5624.51		44.4483
5704.54		43.8248
5709.62		43.7857
5704.28		43.8267
5707.89		43.799
5718.09		43.7209
5711.7		43.7698
5708.8		43.792
5715.89		43.7377
5712.72		43.762
5709.67		43.7853
5716.73		43.7313
5721.74		43.693
5703.66		43.8315
5658.84		44.1786
5658.75		44.1794
5663.8		44.14
5659.29		44.1751
5659.17		44.1761
5659.99		44.1697
5652.2		44.2306
5656.94		44.1935
5650.53		44.2436
5652.79		44.226
5658.52		44.1811
5656.67		44.1956
5657.56		44.1886
5578.75		44.8129
5566.2		44.9139
5561.06		44.9554
5560.99		44.956
5574.73		44.8452
5562.59		44.9431
5556.51		44.9923
5562.4		44.9446
5562.29		44.9455
5564.16		44.9304
5554.98		45.0046
5559.66		44.9668
5554.6		45.0077
5466.33		45.7345
5471.3		45.693
5471.61		45.6904
5467.91		45.7213
5470.71		45.6979
5481.36		45.6092
5479.53		45.6243
5481.31		45.6095
5480.1		45.6196
5472.21		45.6853
5481.81		45.6054
5479.6		45.6238
5484.55		45.5826
5738.86		43.5627
5745.85		43.5096
5747.76		43.4952
5742.16		43.5376
5744.26		43.5217
5741.25		43.5445
5751.12		43.4698
5747.26		43.499
5748.81		43.4873
5755.84		43.4341
5751.22		43.4691
5754.88		43.4414
5764.91		43.3658
wait with 2500us
5754.83		40.9418
5745.77		41.0102
5746.52		41.0046
5741.9		41.0396
5715.37		41.2417
5721.85		41.1921
5724.17		41.1745
5728.31		41.1429
5732.23		41.113
5733.56		41.1029
5741.52		41.0425
5753.36		40.9529
5753.57		40.9513
5666.18		41.6215
5667.26		41.613
5671.14		41.5829
5666.97		41.6153
5661.09		41.6611
5662.71		41.6485
5653.97		41.7167
5656.66		41.6957
5660.85		41.663
5650.91		41.7407
5653.8		41.718
5655.37		41.7058
5648.34		41.7608
5662.53		41.6499
5662.2		41.6524
5662.08		41.6534
5661.22		41.6601
5668.7		41.6018
5655.54		41.7045
5671.38		41.581
5668.87		41.6005
5662.96		41.6465
5664.55		41.6341
5672.07		41.5756
5671.22		41.5822
5668.95		41.5998
5698.99		41.3674
5697.76		41.3769
5705.81		41.315
5698.94		41.3678
5705.42		41.318
5700.07		41.3591
5700.51		41.3557
5700.36		41.3569
5699.16		41.3661
5706.37		41.3107
5702.14		41.3432
5698.86		41.3684
5704.05		41.3285
5607.55		42.0828
5598.16		42.1575
5603.57		42.1144
5594.2		42.1892
5596.7		42.1692
5604.27		42.1088
5597.9		42.1596
5601.42		42.1315
5609.46		42.0675
5603.31		42.1165
5604.11		42.1102
5601.58		42.1303
5611.74		42.0495
5503.52		42.9255
5504.04		42.9212
5502.3		42.9355
5501.37		42.9432
5502.62		42.9329
5500.79		42.9481
5507.52		42.8925
5504.61		42.9165
5504.55		42.917
5504.1		42.9207
5502.08		42.9374
5507.97		42.8888
5499.23		42.9609
5639.31		41.8317
5643.23		41.8009
5632.39		41.8861
5635.57		41.8611
5641.47		41.8147
5633.16		41.8801
5634.14		41.8723
5634.23		41.8716
5630.61		41.9002
5635.39		41.8625
5634.04		41.8731
5635.75		41.8596
5635.99		41.8578
wait with 5000us
5691.95		38.9217
5681.33		39.0037
5671.58		39.0794
5668.52		39.1032
5667.63		39.1101
5670.58		39.0872
5671.94		39.0767
5674.22		39.0589
5678.54		39.0254
5669.77		39.0935
5660.66		39.1645
5672.42		39.0729
5659.9		39.1704
5935.38		37.1203
5938.25		37.1
5944.17		37.058
5930.91		37.152
5941.8		37.0748
5937.81		37.103
5941.43		37.0774
5942.2		37.072
5927.68		37.175
5930.23		37.1569
5933.82		37.1314
5937.33		37.1065
5938.97		37.0949
5628.77		39.4147
5624.19		39.4508
5626.74		39.4307
5629.34		39.4102
5618.98		39.492
5629.05		39.4125
5615.49		39.5197
5621.82		39.4696
5627.56		39.4242
5630.29		39.4027
5629.58		39.4083
5628.74		39.4149
5627.8		39.4223
5688.34		38.9495
5680.61		39.0094
5697.36		38.88
5697.1		38.882
5694.92		38.8988
5700.07		38.8591
5685.08		38.9747
5681.77		39.0004
5690.26		38.9347
5684.81		38.9769
5687.71		38.9544
5685.73		38.9697
5688.6		38.9475
5575.61		39.8382
5572.51		39.8631
5580.61		39.798
5579.26		39.8088
5575.16		39.8417
5575.57		39.8385
5585.1		39.762
5580.78		39.7966
5575.98		39.8352
5589.53		39.7265
5579.99		39.803
5580.35		39.8
5585.53		39.7585
5577.61		39.822
5588.37		39.7357
5585.24		39.7608
5579.47		39.8072
5594.74		39.6849
5590.05		39.7223
5593.99		39.6908
5593.4		39.6956
5589.89		39.7236
5588.8		39.7323
5595.37		39.6798
5594.06		39.6903
5594.87		39.6838
5565.55		39.9192
5566.69		39.91
5564.67		39.9263
5558.93		39.9727
5563.27		39.9376
5561.5		39.9519
5563.73		39.9339
5567.01		39.9074
5555.75		39.9984
5565.46		39.9199
5563.98		39.9319
5557.94		39.9807
5561.11		39.955
5447		40.8968
5448.82		40.8815
5444.09		40.9213
5446.94		40.8973
5449.38		40.8767
5445.66		40.9081
5455.19		40.8279
5445.34		40.9109
5448.48		40.8843
5443.4		40.9271
5450.24		40.8696
5432.95		41.0155
5449.75		40.8737
wait with 10000us
5669.13		34.0985
5686.51		33.9637
5658.93		34.1779
5671.94		34.0767
5670.5		34.0878
5671.93		34.0767
5673.81		34.0621
5677.55		34.033
5666.41		34.1197
5669.69		34.0942
5673.63		34.0635
5670.1		34.091
5674.37		34.0578
5640.97		34.3186
5633.51		34.3773
5627.15		34.4275
5642.49		34.3067
5626.3		34.4342
5630.69		34.3995
5630.27		34.4029
5626.44		34.4331
5641.45		34.3149
5638.75		34.336
5639.26		34.3321
5642.94		34.3031
5632.62		34.3843
5562.31		34.9453
5553.1		35.0199
5548.5		35.0573
5560.13		34.963
5556.97		34.9886
5548.71		35.0556
5559.14		34.971
5557.99		34.9803
5557.12		34.9873
5551.59		35.0321
5571.07		34.8747
5544.98		35.0858
5553.67		35.0152
5734.11		33.5988
5734.13		33.5986
5736.05		33.584
5734.28		33.5975
5740.46		33.5505
5740.27		33.552
5738.06		33.5687
5729.53		33.6336
5733.9		33.6003
5739.11		33.5608
5736.79		33.5784
5738.86		33.5627
5738.63		33.5644
5575.21		34.8414
5580.7		34.7972
5561.21		34.9542
5562.5		34.9439
5560.53		34.9597
5560.44		34.9605
5565.73		34.9178
5562.91		34.9405
5570.39		34.8802
5573.7		34.8535
5559.05		34.9717
5568.5		34.8954
5565.44		34.9201
5660.83		34.1631
5666.6		34.1182
5668.78		34.1012
5671.68		34.0787
5667.94		34.1078
5672.99		34.0685
5669.83		34.093
5669.78		34.0935
5671.19		34.0825
5666.24		34.121
5671.76		34.078
5667.74		34.1093
5667.26		34.113
5577.2		34.8254
5568.14		34.8983
5568.97		34.8916
5574.3		34.8487
5571.03		34.875
5573.43		34.8557
5575.52		34.8389
5577.49		34.823
5577.5		34.8229
5571.54		34.8709
5562.3		34.9455
5569.69		34.8858
5563.48		34.9359
5564.16		34.9304
5549.77		35.0469
5544.39		35.0906
5547.64		35.0642
5548.92		35.0538
5551.05		35.0365
5554.29		35.0102
5549.14		35.052
5555.18		35.003
5546.39		35.0744
5547.28		35.0672
5544.08		35.0931
5546.54		35.0731
5775.25		33.2882
5779.09		33.2594
5774.48		33.294
5772.38		33.3097
5774.77		33.2918
5774		33.2976
5765.83		33.3589
5771.1		33.3193
5767.84		33.3438
5773.24		33.3032
5776.76		33.2769
5776.76		33.2768
5783.64		33.2254
wait with 25000us
5583.18		19.7774
5590.53		19.7185
5604.78		19.6048
5603.39		19.6159
5598.07		19.6583
5610.39		19.5602
5618.61		19.495
5604.44		19.6075
5615.82		19.5171
5607.69		19.5816
5607.52		19.583
5611.22		19.5536
5611.97		19.5476
5443.25		20.9284
5449.77		20.8735
5443.54		20.926
5447.76		20.8904
5431.28		21.0296
5438.54		20.9683
5451.73		20.857
5442.17		20.9375
5450.35		20.8686
5445.35		20.9107
5450.55		20.867
5444.52		20.9178
5445.67		20.908
5508.77		20.3821
5505.64		20.408
5506.24		20.403
5512.98		20.3475
5511.21		20.3621
5514.84		20.3323
5498.14		20.4699
5507.67		20.3912
5497.65		20.474
5508.2		20.3869
5505.22		20.4114
5505.96		20.4053
5500.9		20.4471
5583.52		19.7746
5580.09		19.8022
5576.2		19.8334
5577.62		19.822
5578.97		19.8112
5592.48		19.7029
5584.93		19.7633
5596.37		19.6718
5577.76		19.8209
5569.06		19.8909
5584.1		19.7699
5578.35		19.8161
5577.49		19.8231
5643.93		19.2953
5642.62		19.3056
5641.04		19.318
5644.35		19.292
5641.32		19.3159
5637.16		19.3486
5641.69		19.313
5639.28		19.3319
5644.56		19.2905
5636.86		19.3509
5633.25		19.3794
5644.54		19.2906
5638.03		19.3417
5565.64		19.9185
5557.95		19.9806
5559.11		19.9712
5565.67		19.9182
5563.92		19.9324
5567.85		19.9006
5564.06		19.9313
5567.74		19.9015
5568.21		19.8977
5567.74		19.9015
5572.47		19.8634
5570.21		19.8816
5571.54		19.8709
5672.48		19.0724
5669.65		19.0944
5662.8		19.1478
5667.28		19.1129
5662.55		19.1498
5672.34		19.0735
5672.56		19.0718
5658.97		19.1776
5669.02		19.0993
5673.52		19.0644
5674.09		19.0599
5669.29		19.0972
5669.28		19.0973
5623.4		19.4571
5618.05		19.4994
5622.95		19.4606
5611.56		19.5509
5631.65		19.3919
5626.42		19.4332
5618.84		19.4932
5612.8		19.541
5625.12		19.4435
5616.97		19.508
5618.91		19.4926
5612.74		19.5415
5615.43		19.5202
5489.86		20.5385
5487.23		20.5604
5492.68		20.5152
5488.29		20.5516
5482.55		20.5992
5495.86		20.4887
5485.57		20.5741
5490.51		20.5331
5489.35		20.5427
5485.3		20.5764
5491.19		20.5275
5487.71		20.5563
5492.7		20.5149
5735.24		18.5901
5725.92		18.6611
5735.15		18.5909
5731.61		18.6178
5725.59		18.6636
5742.39		18.5358
5729.3		18.6353
5733.69		18.6019
5742.15		18.5377
5734.34		18.597
5738.13		18.5682
5735.52		18.588
5734.77		18.5937
5619.17		19.4906
5630.82		19.3985
5613.38		19.5364
5624.78		19.4462
5619.6		19.4871
5610.4		19.5601
5617.1		19.5069
5612.86		19.5406
5616.31		19.5132
5604.21		19.6094
5607.91		19.5799
5616.59		19.511
5602.45		19.6234
5577.51		19.8229
5588.11		19.7379
5574.15		19.8499
5584.9		19.7636
5583.91		19.7715
5573.91		19.8518
5587.23		19.7449
5579.15		19.8097
5579.6		19.806
5576.44		19.8315
5571.07		19.8747
wait with 50000us
4681.81		3.39815
4694.25		3.25662
4700.42		3.18677
4684.89		3.3631
4689.64		3.30902
4700.59		3.18486
4700.21		3.18915
4707.51		3.10659
4710.84		3.06915
4709.53		3.08388
4696.47		3.23145
4701.57		3.17372
4704.82		3.13703
4688.92		3.31718
4688.4		3.32311
4689.53		3.31022
4697.32		3.22187
4697.82		3.21621
4691.53		3.28753
4690.11		3.30368
4692.82		3.27288
4691.84		3.28405
4703.89		3.14755
4700.33		3.18771
4707.76		3.1038
4693.33		3.26704
4704.35		3.1423
4715.67		3.01476
4712.18		3.05405
4713.53		3.03882
4717.36		2.99579
4710.4		3.07409
4708.84		3.09158
4704.62		3.13926
4697.19		3.22332
4698.65		3.20674
4696.53		3.23079
4691.69		3.28567
4704.36		3.14218
4704.99		3.13511
4694.11		3.25828
4695.64		3.24084
4693.95		3.25999
4698.44		3.2091
4700.6		3.18473
4699.6		3.19604
4716.8		3.002
4717.27		2.99672
4707.53		3.10643
4716.29		3.00779
4727.58		2.88118
4704.57		3.13977
4548.09		4.9681
4557.8		4.85106
4547.99		4.96938
4542.65		5.03392
4551.83		4.92292
4546.44		4.98805
4545.1		5.00428
4547.32		4.97739
4536.99		5.10266
4544.08		5.01658
4538.97		5.07862
4532.42		5.15822
4548.68		4.96106
4707.35		3.10842
4705.21		3.13258
4710.05		3.07798
4710.45		3.07343
4709.73		3.08159
4712.64		3.04887
4714.12		3.03221
4722.75		2.93526
4718.17		2.98661
4720.41		2.96153
4714.97		3.0226
4706.03		3.12335
4709.05		3.08922
4710.05		3.07804
4713.08		3.04391
4718.06		2.98793
4723.83		2.92311
4720.97		2.95518
4716.58		3.00449
4713.14		3.04316
4703.39		3.15313
4707.55		3.10619
4710.68		3.07095
4717.29		2.99655
4703.85		3.14791
4709.25		3.08698
4722.95		2.93298
4718.32		2.98496
4701.7		3.17221
4700.27		3.18843
4697.09		3.22446
4702.86		3.1591
4696.6		3.22997
4691.8		3.28443
4701.17		3.17829
4698.84		3.20456
4704.19		3.14406
4708.47		3.09575
4707.15		3.11071
4693.95		3.26008
4681.82		3.39808
4698.75		3.20562
4704.97		3.13531
4697.08		3.22458
4688.55		3.32135
4694.97		3.24847
4690.54		3.29877
4697.74		3.21712
4700.26		3.1885
4695.76		3.23955
4702.45		3.16381
4692.03		3.28187
4715.58		3.01573
4710.27		3.07555
4717.29		2.99649
4714.91		3.0233
4711.72		3.05914
4717.04		2.99938
4699.71		3.19481
4715.51		3.01651
4707.13		3.11091
4700.62		3.18446
4713.26		3.04189
4710.56		3.07226
4714.62		3.02651
4696.58		3.23026
4690.04		3.30444
4692.3		3.27872
4700.21		3.18913
4694.28		3.25629
4697.38		3.22112
4713.75		3.03628
4713.52		3.0389
4694.02		3.25925
4699.35		3.19884
4694.4		3.25495
4686.96		3.33951
4692.74		3.27377
4719.36		2.97332
4720.54		2.95999
4716.93		3.00061
4724.16		2.91949
4716.28		3.00785
4709.53		3.0839
4703.77		3.14888
4698.26		3.21114
4719.28		2.97415
4703.58		3.151
4716.39		3.00662
4722.81		2.93457
4718.86		2.97895
4694.44		3.25451
4706.46		3.11845
4702.51		3.16312
4698.17		3.21219
4709.78		3.08101
4710.87		3.06872
4703.13		3.1561
4702.74		3.16054
4699.13		3.20134
4704.02		3.14608
4697.26		3.22249
4703.75		3.14911
4692.14		3.28056
wait with 75000us
3174.14		3.7616
3177.6		3.67573
3176.6		3.70045
3172.27		3.80804
3170.76		3.84545
3175.16		3.73612
3162.47		4.05207
3168.15		3.91034
3164.32		4.0058
3161.57		4.07457
3165.87		3.96736
3168.78		3.89469
3092.48		5.8412
3207.06		2.95296
3210.33		2.87367
3188.02		3.41867
3193.83		3.27587
3191.58		3.33109
3192.37		3.31169
3193.43		3.28579
3197.04		3.19726
3193.73		3.27831
3194.78		3.25275
3196.1		3.22029
3191.53		3.33242
3206.27		2.97219
3207.32		2.94665
3190.12		3.3669
3211.15		2.85376
3209.87		2.88475
3200.44		3.11416
3193.26		3.28985
3189.77		3.37548
3189.47		3.38304
3192.17		3.31671
3189.34		3.38606
3183.01		3.54202
3185.61		3.47801
3203.22		3.04654
3205.66		2.98717
3219.44		2.6532
3218.34		2.67976
3213.05		2.80767
3207.27		2.94783
3210.5		2.86949
3213.5		2.7968
3202.18		3.07173
3194.81		3.25186
3196.24		3.21693
3199.56		3.13578
3197.4		3.18862
3210.79		2.8625
3231.11		2.37277
3221.89		2.59419
3221.72		2.59822
3212.24		2.82739
3216.44		2.72558
3212.53		2.82033
3197.58		3.18421
3205.29		2.99595
3205.36		2.9944
3207.4		2.94468
3204.4		3.01766
3201.9		3.07874
3222.67		2.57552
3206.48		2.9671
3209.41		2.89595
3206.14		2.97537
3226.6		2.48094
3198.72		3.15632
3200.6		3.11041
3214.16		2.78074
3217.42		2.70204
3203.76		3.03321
3196.75		3.20439
3200.89		3.10316
3198.75		3.15557
3204.2		3.02253
3194.39		3.26222
3190.94		3.3468
3191.18		3.34097
3204.54		3.01437
3229.86		2.40279
3203.63		3.03653
3203.66		3.03586
3206.26		2.97246
3217.86		2.6914
3210.36		2.87292
3199.77		3.1306
3195.34		3.23893
3192.02		3.32031
3200.3		3.11756
3204		3.02757
3200.04		3.12397
3198.45		3.16282
3201.08		3.09863
3228.64		2.43194
3206.08		2.97689
3203.66		3.03581
3207.86		2.9335
3224.23		2.53793
3223.54		2.55459
3207.53		2.94151
3206.5		2.96674
3209.62		2.89096
3210.5		2.8695
3213.68		2.79232
3208.07		2.92846
3207.31		2.94692
3206.68		2.96233
3223.28		2.56079
3213.17		2.80478
3210.57		2.86778
3206.16		2.97486
3210.15		2.87803
3218.07		2.68624
3206.07		2.97704
3212.79		2.81387
3212.2		2.82828
3209.51		2.89357
3207.65		2.93862
3211.1		2.85484
3197.19		3.19369
3200.51		3.11244
3212.99		2.80919
3207.1		2.952
3199.67		3.13301
3205.54		2.98994
3215.98		2.73668
3229.04		2.42235
3223.65		2.55182
3227.15		2.46773
3225.32		2.51176
3227.15		2.46766
3208.04		2.92922
3207.52		2.94176
3200.65		3.10923
3200.28		3.11815
3206.82		2.95892
3218.91		2.666
3208.55		2.91686
3197.97		3.17457
3205.84		2.98256
3202.35		3.06764
3198.87		3.15255
3194.78		3.25263
3203.12		3.04879
3226.55		2.48205
3208.34		2.92189
3211.29		2.85039
3206.26		2.97245
3202.72		3.05864
3188.22		3.41362
3203.42		3.04163
3213.33		2.801
3210.27		2.87503
wait with 100000us
2449.29		2.07052
2365.17		5.70065
2362.88		5.80298
2367.96		5.57613
2364.89		5.71314
2361.57		5.86175
2360.67		5.90195
2364.82		5.71631
2360.76		5.89807
2356.31		6.09819
2356.99		6.06744
2354.26		6.1904
2355.88		6.11735
2353.47		6.2259
2439.36		2.48578
2429.61		2.89705
2427.45		2.98869
2427.06		3.00508
2426.18		3.04265
2426.04		3.04845
2424.94		3.09551
2426.68		3.02135
2361.64		5.85849
2352.46		6.27194
2357.95		6.02415
2352.22		6.28273
2423.06		3.17544
2419.4		3.33136
2435.31		2.65652
2425.97		3.05155
2421.16		3.25624
2427.06		3.00507
2427.92		2.96881
2424.45		3.11628
2426.82		3.01545
2426.49		3.02928
2423.5		3.15678
2422.45		3.20111
2418.72		3.36061
2427.87		2.97109
2423.67		3.1493
2421.31		3.24969
2428.02		2.96458
2431.28		2.8264
2424.84		3.09964
2424.22		3.12599
2421.51		3.24117
2421.15		3.25671
2430.77		2.84811
2425.46		3.07318
2426.96		3.00967
2426.18		3.0425
2422.57		3.19602
2428.48		2.94499
2430.17		2.87352
2421.51		3.24153
2424.07		3.13237
2430.76		2.84861
2430.82		2.84587
2422.7		3.1908
2428.57		2.94129
2445.68		2.22098
2429.74		2.89146
2424.37		3.11972
2423.56		3.15388
2427.43		2.98947
2427.28		2.99592
2429.04		2.92126
2425.12		3.08787
2429.15		2.9165
2433.31		2.74083
2427.48		2.98766
2425.85		3.05687
2427.01		3.00754
2449.95		2.04287
2435.3		2.65682
2430		2.88061
2428.1		2.96095
2427.76		2.97577
2428.02		2.96446
2418.2		3.38251
2430.72		2.85038
2428.78		2.93232
2426.42		3.03247
2426.49		3.02939
2430.49		2.85977
2430.18		2.87292
2443.44		2.31477
2442.44		2.35659
2431.76		2.80633
2427.31		2.99478
2430.14		2.87463
2429.4		2.90617
2439.58		2.4765
2425.24		3.08244
2424.41		3.118
2428.87		2.92862
2428.43		2.94704
2424.63		3.10841
2422.42		3.20238
2431.9		2.80016
2434.28		2.69969
2447.08		2.16273
2439.14		2.49506
2443.97		2.29238
2426.87		3.01347
2428.94		2.92576
2423.44		3.15916
2424.17		3.12792
2424.16		3.12869
2426.86		3.01386
2428.32		2.95171
2430.27		2.86918
2422.18		3.21288
2438.52		2.52106
2427.59		2.98297
2434.39		2.69499
2429.65		2.89561
2446.06		2.20538
2437.32		2.57186
2440.72		2.42859
2438.83		2.50837
2423.11		3.173
2423.09		3.1742
2422.6		3.1951
2420.8		3.27154
2423.19		3.16984
2451.63		1.97295
2433.97		2.71295
2431.48		2.81803
2425.72		3.06228
2422.15		3.21427
2425.71		3.06253
2435.54		2.64649
2434.19		2.70363
2438.91		2.50463
2442.47		2.35538
2430.23		2.87103
2429.99		2.88115
2424.53		3.11276
2427.18		3.00018
2440.05		2.45675
2438.42		2.52546
end
