start
wait with 0us
4139.34		60.3961
4125.33		60.6012
4124.28		60.6167
4128.81		60.5501
4119.5		60.687
4127.25		60.573
4120.67		60.6698
4116.68		60.7285
4117.65		60.7142
4126.15		60.5891
4129.89		60.5344
4127.1		60.5752
4123.58		60.6269
4068.09		61.4538
4078.37		61.2989
4070.42		61.4188
4072.25		61.3911
4072.45		61.3881
4065.57		61.492
4083.51		61.2219
4061.07		61.5602
4072.36		61.3895
4071.47		61.4029
4064.06		61.5148
4073.89		61.3664
4066.92		61.4716
4046.57		61.7806
4045.93		61.7906
4048.6		61.7497
4043.15		61.833
4043.92		61.8213
4044		61.8199
4049.38		61.7378
4049.44		61.7369
4051.01		61.7131
4045.34		61.7995
4042.42		61.8441
4036.66		61.9324
4039.83		61.8838
4045.84		61.7919
4046.24		61.7858
4038.68		61.9014
4048.92		61.7449
4039.82		61.884
4042.75		61.839
4052.17		61.6953
4049.93		61.7295
4043.07		61.8342
4051.93		61.6991
4042.39		61.8445
4048.87		61.7456
4050.87		61.7151
4062.04		61.5454
4068.01		61.4551
4061.25		61.5573
4069.96		61.4257
4057.37		61.6162
4070.48		61.4178
4058.95		61.5923
4065.91		61.4869
4067.25		61.4665
4062.79		61.5341
4061.04		61.5606
4067.66		61.4604
4067.28		61.4662
wait with 2500us
3705.53		64.9668
3693.05		65.1948
3711.39		64.8602
3709.92		64.8869
3699.53		65.0762
3713.43		64.8232
3704.22		64.9906
3706.34		64.9521
3704.66		64.9825
3704.53		64.985
3698.19		65.1006
3700.23		65.0633
3706.98		64.9404
3695.2		65.1554
3691.42		65.2245
3685.16		65.3397
3687.19		65.3024
3684.6		65.35
3685.37		65.3358
3689.92		65.2522
3686.04		65.3234
3680.48		65.4259
3684.36		65.3544
3682.83		65.3825
3682.3		65.3923
3681.19		65.4128
3703.27		65.0079
3711.28		64.8622
3710.03		64.8848
3710.38		64.8785
3704.9		64.9782
3701.38		65.0424
3707.1		64.9382
3705.1		64.9746
3717.47		64.7501
3703.29		65.0075
3713.22		64.8269
3711.05		64.8663
3703.94		64.9958
3682.65		65.3859
3679.5		65.444
3680.16		65.4318
3685.57		65.3321
3677.58		65.4795
3685.66		65.3305
3686.45		65.3159
3684.81		65.3461
3680.39		65.4277
3677.49		65.4812
3683.63		65.3678
3676.82		65.4935
3670.21		65.6161
3714.54		64.8032
3711.12		64.8651
3709.17		64.9006
3723.19		64.6467
3724.48		64.6235
3715.41		64.7873
3709.82		64.8887
3715.92		64.7781
3715.52		64.7853
3726.69		64.5836
3721.41		64.6788
3717.08		64.757
3710.25		64.881
wait with 5000us
3501.58		66.3964
3508.53		66.2548
3514.14		66.1412
3507.36		66.2787
3510.74		66.21
3510.12		66.2227
3506.17		66.3028
3507.96		66.2665
3510.18		66.2214
3509.45		66.2363
3508.88		66.2477
3508.1		66.2636
3501.54		66.3972
3546.25		65.4969
3551.66		65.3896
3544.53		65.5312
3547.44		65.4733
3541.8		65.5856
3553.28		65.3576
3551.15		65.3997
3547.14		65.4793
3546.57		65.4907
3540.35		65.6145
3548.63		65.4497
3536.92		65.683
3536.58		65.6898
3525.73		65.9072
3514.83		66.1272
3519.3		66.0369
3517.56		66.072
3522.94		65.9634
3516.6		66.0915
3517.28		66.0777
3514.07		66.1427
3524.72		65.9276
3522.42		65.974
3522.01		65.9822
3514.85		66.1268
3524.56		65.9308
3556.66		65.2907
3548.14		65.4595
3549.58		65.4309
3551.56		65.3917
3548.42		65.4539
3555.55		65.3126
3563.59		65.154
3549.71		65.4283
3547.3		65.4762
3561.08		65.2034
3557.27		65.2786
3549.88		65.4248
3545.37		65.5144
3515.58		66.1121
3521.18		65.9988
3519.4		66.0348
3511.88		66.187
3527.71		65.8676
3506.51		66.2959
3518.27		66.0577
3512.29		66.1786
3520.52		66.0123
3512.9		66.1662
3523.65		65.9492
3513.01		66.1641
3519.7		66.0287
wait with 10000us
3474.82		61.9461
3449.83		62.4674
3482		61.7978
3490.1		61.6311
3488.52		61.6637
3483.41		61.7688
3472.21		62.0003
3482.05		61.7968
3477.25		61.8958
3490.41		61.6248
3476.12		61.9193
3476.23		61.917
3473.47		61.9742
3491.81		61.596
3483.76		61.7615
3488.72		61.6596
3490.35		61.6261
3480.24		61.8341
3499.4		61.4408
3487.59		61.6827
3491.92		61.5939
3484.25		61.7515
3494.86		61.5336
3491		61.6126
3482.78		61.7818
3494.87		61.5333
3492.58		61.5804
3490.89		61.615
3502.12		61.3853
3489.48		61.6439
3486.99		61.695
3485.8		61.7195
3493.56		61.5601
3495.88		61.5127
3488.53		61.6635
3487.68		61.6809
3484.13		61.7539
3494.95		61.5318
3495.14		61.528
3475.19		61.9386
3468.58		62.0756
3469.01		62.0668
3461.59		62.2211
3461.16		62.2301
3471.72		62.0104
3467.84		62.0909
3483.49		61.7672
3468.41		62.0791
3476.86		61.9039
3478.37		61.8727
3482.34		61.7907
3469.53		62.0558
3466.96		62.1093
3450.4		62.4555
3454.25		62.3747
3445.63		62.5556
3449.12		62.4823
3450.52		62.4528
3445.58		62.5567
3452.18		62.4179
3444.69		62.5754
3454.85		62.3621
3446.53		62.5366
3446.15		62.5448
3437.28		62.7319
wait with 25000us
3309.76		50.5342
3352.99		49.5603
3376.72		49.0364
3383.96		48.878
3413.93		48.2294
3385.5		48.8444
3398.26		48.5671
3404.24		48.4377
3408.48		48.3465
3402.2		48.4819
3399.47		48.5408
3406.86		48.3813
3418.03		48.1416
3425.72		47.9774
3436.37		47.7513
3427.01		47.9499
3434.68		47.7869
3433.45		47.8131
3446.13		47.5451
3442.31		47.6257
3409.05		48.3343
3410.69		48.2989
3405.79		48.4044
3407.02		48.378
3409.32		48.3285
3403.28		48.4585
3418.3		48.1359
3419.06		48.1196
3408.85		48.3385
3406.85		48.3816
3409.62		48.3219
3402.26		48.4806
3417.42		48.1547
3438.73		47.7013
3435.85		47.7622
3442.38		47.6242
3444.58		47.5778
3443.42		47.6022
3435.1		47.7782
3406.8		48.3826
3410.41		48.3051
3396.64		48.6022
3396.95		48.5953
3392.92		48.6828
3388.57		48.7773
3387.47		48.8014
3414.37		48.2198
3405.04		48.4207
3386.09		48.8315
3419.79		48.1039
3413.09		48.2475
3408.56		48.3448
3429.09		47.9056
3412.77		48.2543
3419.26		48.1153
3417.09		48.1617
3414.15		48.2246
3414.8		48.2108
3416.69		48.1701
3421.68		48.0635
3425.48		47.9825
3405.03		48.4208
3412.21		48.2664
3406.36		48.3921
3406.04		48.3991
3381.41		48.9337
3392.48		48.6925
3390.67		48.7318
3398.19		48.5685
3387.13		48.8088
3385.83		48.8371
3374.98		49.0745
3384.39		48.8686
3376.31		49.0453
3389.54		48.7562
3384.17		48.8733
3371.18		49.158
3384.05		48.876
3394.16		48.6559
3386.97		48.8123
3383.74		48.8827
3380.16		48.9611
3384.2		48.8726
3403.92		48.4447
3391.22		48.7197
3403.07		48.4631
3395.85		48.6193
3402.36		48.4783
3398.18		48.5687
3414.17		48.2242
3384.21		48.8725
wait with 50000us
3169.07		28.8874
3232.64		27.3361
3259.16		26.7068
3264.42		26.5832
3290.69		25.9718
3301.84		25.7155
3305.54		25.6307
3303.28		25.6824
3309.38		25.543
3314.65		25.4227
3327.02		25.1422
3324.2		25.2061
3330.6		25.0616
3317.69		25.3536
3313.07		25.4588
3312.89		25.4627
3301.27		25.7285
3302.07		25.71
3311.72		25.4895
3317.21		25.3646
3326.72		25.1491
3317.49		25.3583
3325.33		25.1805
3316.24		25.3866
3336.64		24.9257
3321.92		25.2577
3328.54		25.1079
3302.77		25.6941
3298.66		25.7884
3306.51		25.6085
3306.96		25.5981
3314.95		25.4159
3315.21		25.4101
3324.75		25.1936
3312.2		25.4785
3304.37		25.6573
3307.61		25.5832
3308.3		25.5675
3295.37		25.8641
3290.27		25.9816
3296.12		25.8467
3305.57		25.6299
3299.62		25.7663
3309.63		25.5372
3302.71		25.6955
3306.96		25.5982
3303.88		25.6685
3280.75		26.202
3298.16		25.7998
3277.87		26.269
3288.3		26.027
3269.56		26.4628
3190.93		28.3469
3180.71		28.5988
3187.86		28.4225
3174.43		28.7543
3183.41		28.5321
3174.41		28.7549
3183.26		28.5358
3184.43		28.507
3181.72		28.5738
3179.49		28.629
3179.21		28.6359
3190.67		28.3534
3170.77		28.8452
3150.3		29.3576
3155.81		29.219
3157.14		29.1856
3157.52		29.176
3156.68		29.197
3160.02		29.1133
3136.61		29.7039
3140.32		29.6097
3148.11		29.4127
3150.3		29.3575
3140.22		29.6123
3150.3		29.3575
3139.45		29.6318
3136.59		29.7045
3129.16		29.8935
3128.67		29.9061
3123.17		30.0469
3128.83		29.902
3140.65		29.6013
3119.67		30.1366
3137.58		29.6793
3127.52		29.9356
3126.28		29.9672
3135.53		29.7313
3124.55		30.0116
3127.57		29.9342
3057.26		31.7727
3056.66		31.7887
3060.42		31.688
3058.86		31.7298
3057.16		31.7753
3046.11		32.0718
3053.8		31.8652
3047.71		32.0288
3053.93		31.8619
3051.74		31.9204
3052.18		31.9086
3057.41		31.7685
3048.19		32.0159
3001.54		33.2904
3001.34		33.2961
2995.22		33.4664
2995.21		33.4666
2994.7		33.4808
3014.4		32.9352
3003.97		33.2232
3007.36		33.1295
3014.07		32.9444
3005.32		33.1857
2994.8		33.4779
3000.64		33.3155
3007.36		33.1295
wait with 75000us
2330.49		32.2738
2369.3		30.5164
2409.22		28.7678
2419.94		28.3083
2442.67		27.3469
2450.37		27.0256
2457.95		26.711
2458.2		26.7003
2475.95		25.9713
2461.09		26.5809
2463.99		26.4616
2467.47		26.3182
2467.9		26.3009
2473.57		26.0684
2470.04		26.2128
2472.72		26.1032
2471.98		26.1335
2469.57		26.2323
2470.45		26.196
2471.32		26.1604
2471.96		26.1343
2478.15		25.8816
2469.63		26.2296
2479.46		25.8285
2473.16		26.0851
2464.95		26.4221
2459.96		26.6277
2464.38		26.4454
2458.75		26.6777
2455.93		26.7944
2451.13		26.9937
2458.89		26.6717
2457.21		26.7413
2449.47		27.0628
2454.21		26.8656
2455.95		26.7934
2454.89		26.8377
2463.49		26.4821
2452.63		26.9313
2429.41		27.9056
2422.99		28.1782
2418.24		28.3812
2424.58		28.1108
2431.36		27.8232
2430.86		27.8441
2423.25		28.1672
2429.49		27.9021
2417.23		28.4241
2424.9		28.0971
2419.19		28.3403
2412.95		28.6078
2418.42		28.3732
2389.56		29.6217
2388.89		29.6511
2386.03		29.7766
2385.68		29.7921
2386.19		29.7693
2383.9		29.87
2380.82		30.0057
2378.26		30.1187
2384.56		29.8409
2388.96		29.648
2380.42		30.0237
2387.23		29.724
2382.97		29.911
2329.52		32.3183
2342.68		31.7156
2342.23		31.736
2342.08		31.7428
2344.78		31.6197
2334.67		32.0813
2348.75		31.4396
2341.93		31.7495
2334.25		32.1007
2331.56		32.2245
2346.04		31.5626
2348.55		31.4489
2340.99		31.7926
2329.02		32.3412
2320.55		32.733
2316.15		32.9376
2325.37		32.5099
2327.67		32.4037
2322.69		32.6336
2320.69		32.7264
2326.47		32.459
2320.55		32.7332
2320.21		32.749
2327.36		32.4176
2317.2		32.8887
2327.56		32.4084
2307.05		33.3633
2302.46		33.5796
2305.98		33.4138
2300.16		33.6882
2301.31		33.6338
2297.3		33.8234
2304.83		33.468
2308.31		33.3043
2308.9		33.2765
2311.21		33.1684
2308.94		33.2746
2300.57		33.6687
2300.87		33.6545
wait with 100000us
1750.99		42.7762
1779.35		40.5009
1814.01		37.8164
1811.79		37.9851
1819.76		37.3807
1827.71		36.7831
1822.59		37.1672
1827.74		36.7813
1832.98		36.3902
1833.44		36.3555
1826.84		36.8484
1827.93		36.7666
1822.55		37.1702
1811.48		38.0089
1819.6		37.3926
1820.09		37.3557
1819.75		37.3816
1819.83		37.3754
1818.66		37.4641
1816.32		37.6407
1810.38		38.0926
1812.53		37.9285
1813.89		37.8256
1826.82		36.8497
1819.99		37.3636
1821.26		37.2679
1812.12		37.9597
1809.14		38.1872
1812.09		37.9619
1817.57		37.5466
1818.84		37.4504
1806.96		38.354
1805.91		38.4342
1811.99		37.97
1805.74		38.4476
1806.86		38.3617
1808.94		38.2021
1805.37		38.4757
1812.44		37.9355
1801.8		38.7502
1799.67		38.9142
1800.56		38.8453
1795.83		39.2113
1793.58		39.3864
1809.27		38.177
1806.49		38.3901
1799.29		38.9434
1808.25		38.2556
1802.59		38.6891
1803.77		38.5989
1797.02		39.1189
1802.12		38.7254
1781.93		40.2971
1790.56		39.6208
1786.75		39.9187
1788.69		39.7667
1783.89		40.143
1786.02		39.9762
1784.72		40.0781
1784.53		40.0929
1788.32		39.7963
1785.41		40.0239
1786.6		39.9308
1788.2		39.805
1786.43		39.9436
1767.61		41.4338
1765.3		41.6189
1767.93		41.4083
1767.31		41.4583
1770.11		41.2343
1761.24		41.9456
1768.11		41.3937
1761.79		41.9015
1761.31		41.9396
1764.19		41.7083
1768.77		41.3412
1761.33		41.9379
1765		41.6432
1764.98		41.6445
1764.73		41.6643
1756.06		42.3642
1759.47		42.0885
1759.69		42.0705
1761.93		41.8899
1754.08		42.5249
1771.22		41.146
1768.98		41.3243
1767.58		41.4363
1765.33		41.6168
1756.32		42.3428
1758.24		42.188
1749.22		42.9211
1750		42.8575
1750.02		42.8558
1748.03		43.0185
1753.8		42.5478
1752.31		42.6687
1753.48		42.5739
1743.23		43.4123
1746.85		43.1146
1750.51		42.8159
1747.34		43.0747
1750.49		42.8168
1749.16		42.9256
end
